red         (0,0) (0.5,0.866) (1,0) 
blue        (0,0) (0,1) (1,1) (1,0) 
green       (0,0) (0,1) (1,0) 
salmon      (0,6) (4,6) (4,0) (3,4)
eggplant    (8,0) (0,0) (5,3) 
orange      (0,0) (0,3) (2,3) (2,0)
white       (2,0) (0,1) (3,4) (6,1) (4,0) 
yellow      (0,1) (2,2) (4,1) (2,0)
magenta     (0,0) (1,1) (4,1) (3,0)
pink        (1,0) (0,2) (4,2) (3,0)
black       (1,0) (0.5,0.866) (1,1.732) (3,1.732) (3.5,0.866) (3,0) 
tan         (1,0) (0,2) (3,2) (5,0)
cyan        (0,0) (0,2) (1,0) 
purple      (0,0) (0,2) (3,1) 
mint        (3,0) (2.121,-2.121) (0,-3) (-2.121,-2.121) (-3,0) (-2.121,2.121) (0,3) (2.121,2.121)
teal        (1,0) (0,3) (1,4) (2,3)
grey        (1,0) (1.5,0.866) (1,1.732) (2,1.732) (2.5,0.866) (2,0)
silver      (0,3) (10,3) (5,1)
chartruese  (0,0) (5,2) (9,0)
plum        (0,0) (0,3) (4,3) (5,0)
fuschia     (2,4) (4,0) (2,1) (0,0)
gold        (2,0) (4,-2) (1,-1) (0,-4) (-1,-1) (-4,-2) (-2,0) (-4,2) (-1,1) (0,4) (1,1) (4,2)
chestnut    (0,0) (4,4) (8,0) (4,2) 
pine        (0,0) (3,4) (6,0) (3,3) 
denim       (2,0) (2,2) (0,2) (0,4) (4,4) (4,0)
olive       (0,0) (1,2) (6,3) (4,0)
brown       (2,0) (0,1) (3,3)




